0 1 0 -1.96391 -53.21503 58.8549 2.760894
0 1 0 -1.96391 -53.21503 58.8549 2.760894
0 1 0 -2.01977 -53.30482 58.97422 2.789507
0 1 0 -2.05807 -53.36639 59.05604 2.802849
0 1 0 -2.035413 -53.28975 59.15341 2.816093
0 1 0 -2.019458 -53.23577 59.22198 2.830921
0 1 0 -1.909265 -53.0075 59.2618 2.84374
0 1 0 -1.831645 -52.8467 59.28985 2.857573
0 1 0 -1.469221 -52.42624 59.40284 2.871712
0 1 0 -1.469221 -52.42624 59.40284 2.886106
0 1 0 -1.165686 -52.07409 59.49746 2.899871
0 1 0 -0.3544688 -51.00227 59.65518 2.913003
0 1 0 0.3785622 -50.03374 59.7977 2.92698
0 1 0 1.807128 -48.28875 59.91621 2.940784
0 1 0 2.796488 -47.08024 59.99829 2.954658
0 1 0 2.796488 -47.08024 59.99829 2.968132
0 1 0 4.608437 -44.88173 59.99749 2.982765
0 1 0 5.662976 -43.60223 59.99703 2.996437
0 1 0 7.836199 -40.9165 59.78524 3.010654
0 1 0 8.972117 -39.5127 59.67454 3.03216
0 1 0 11.67157 -37.43077 60.09463 3.039477
0 1 0 11.67157 -37.43077 60.09463 3.054366
0 1 0 12.97188 -36.42791 60.29698 3.066999
0 1 0 15.56084 -34.06027 60.37337 3.080465
0 1 0 16.75968 -32.96392 60.40873 3.094271
0 1 0 19.41879 -30.44278 60.16842 3.107702
0 1 0 20.60875 -29.31456 60.06088 3.121781
0 1 0 20.60875 -29.31456 60.06088 3.135651
0 1 0 23.46603 -26.87279 59.70431 3.149334
0 1 0 24.71723 -25.80354 59.54817 3.16351
0 1 0 27.66945 -24.0628 59.30629 3.177221
0 1 0 28.94316 -23.31177 59.20193 3.191055
0 1 0 28.94316 -23.31177 59.20193 3.204938
0 1 0 31.91306 -22.15098 59.26458 3.218927
0 1 0 33.19207 -21.65108 59.29157 3.232696
0 1 0 35.39503 -20.56025 59.27059 3.247066
0 1 0 36.35366 -20.08556 59.26146 3.260612
0 1 0 38.00816 -19.75032 59.65877 3.274334
0 1 0 38.00816 -19.75032 59.65877 3.288193
0 1 0 38.74607 -19.60081 59.83598 3.30227
0 1 0 41.42213 -19.72438 59.9251 3.316143
0 1 0 42.66201 -19.78164 59.9664 3.33199
0 1 0 46.01293 -19.73432 60.0717 3.344383
0 1 0 51.00525 -20.45123 59.70198 3.357629
0 1 0 51.00525 -20.45123 59.70198 3.371216
0 1 0 53.25484 -20.77427 59.53539 3.385487
0 1 0 54.22518 -20.91361 59.46352 3.399549
0 1 0 56.6611 -21.68977 59.41039 3.413243
0 1 0 58.03834 -22.32154 59.55426 3.42778
0 1 0 58.65169 -22.60289 59.61833 3.441447
0 1 0 58.65169 -22.60289 59.61833 3.455512
0 1 0 -12.96644 -17.21683 -41.2605 3.469055
0 1 0 -33.00198 -15.71005 -69.48187 3.483156
0 1 0 -37.05167 -15.50785 -74.40729 3.497229
0 1 0 -37.82425 -15.46928 -75.34694 3.510932
0 1 0 -38.17855 -15.55045 -75.12955 3.525003
0 1 0 -38.17855 -15.55045 -75.12955 3.539087
0 1 0 -38.25595 -15.56818 -75.08205 3.552674
0 1 0 39.68 -28.35291 -2.524452 3.567
0 1 0 83.1386 -35.48193 37.93506 3.580962
0 1 0 95.06483 -37.61584 43.52966 3.595261
0 1 0 97.32625 -38.02047 44.59049 3.608505
0 1 0 97.32625 -38.02047 44.59049 3.622629
0 1 0 98.71696 -37.78017 44.20164 3.636843
0 1 0 99.01413 -37.72883 44.11855 3.65066
0 1 0 30.41918 -26.88071 -14.1148 3.664649
0 1 0 -26.0146 -17.95586 -62.02395 3.678875
0 1 0 -36.82841 -16.25478 -70.80212 3.692535
0 1 0 -36.82841 -16.25478 -70.80212 3.706491
0 1 0 -38.73198 -15.95534 -72.34737 3.720375
0 1 0 -39.15558 -15.87915 -72.3235 3.734462
0 1 0 -39.23969 -15.86402 -72.31876 3.748035
0 1 0 -39.30038 -15.81937 -72.07711 3.762161
0 1 0 -39.31449 -15.809 -72.02098 3.776353
0 1 0 -39.31449 -15.809 -72.02098 3.789976
0 1 0 40.88242 -30.38004 -13.29032 3.804477
0 0 0 -12.35914 -23.53247 46.99382 8.554811
0 0 0 -12.35914 -23.53247 46.99382 8.554811
0 0 0 -12.35914 -23.53247 46.99382 8.568789
0 0 0 -12.16237 -23.44975 47.29649 8.582092
0 0 0 -11.84955 -23.3434 47.56188 8.596225
0 0 0 -11.67459 -23.28392 47.71032 8.610456
0 0 0 -11.40676 -23.25953 47.83859 8.624763
0 0 0 -11.24935 -23.24519 47.91397 8.638143
0 0 0 -11.24935 -23.24519 47.91397 8.651614
0 0 0 -11.18517 -23.15793 47.98984 8.666096
0 0 0 -11.14614 -23.10486 48.03598 8.679733
0 0 0 -11.18428 -22.88775 48.00973 8.693645
0 0 0 -11.20858 -22.74948 47.99301 8.7077
0 0 0 -11.66613 -22.54015 48.94381 9.233551
0 0 0 -11.66613 -22.54015 48.94381 9.233551
0 0 0 -11.68891 -22.46284 48.87534 9.24802
0 0 0 -11.6758 -22.43182 48.78844 9.261656
0 0 0 -11.66392 -22.40372 48.70968 9.275785
0 0 0 -11.63075 -22.38032 48.63503 9.289141
0 0 0 -11.63075 -22.38032 48.63503 9.303188
0 0 0 -11.60029 -22.35883 48.56648 9.31727
0 0 0 -11.56082 -22.36232 48.53354 9.331203
0 0 0 -11.52758 -22.36525 48.50579 9.345943
0 0 0 -11.45672 -22.31635 48.45668 9.359736
0 0 0 -11.45672 -22.31635 48.45668 9.373628
0 0 0 -11.39447 -22.2734 48.41354 9.386881
0 1 0 26.50138 -46.55162 69.56416 18.4414
0 1 0 26.50138 -46.55162 69.56416 18.4414
0 1 0 26.15799 -46.25996 69.64034 18.45577
0 1 0 25.94791 -46.08153 69.68694 18.47023
0 1 0 25.89091 -45.54331 69.73329 18.48414
0 1 0 25.89091 -45.54331 69.73329 18.49708
0 1 0 25.85509 -45.20509 69.76241 18.51089
0 1 0 26.0802 -44.36205 69.7029 18.52511
0 1 0 26.22694 -43.8125 69.66411 18.53903
0 1 0 26.79599 -42.46558 69.3489 18.55264
0 1 0 27.1851 -41.54458 69.13336 18.5669
0 1 0 27.1851 -41.54458 69.13336 18.58083
0 1 0 28.19258 -39.41821 68.48682 18.5946
0 1 0 28.85369 -38.02287 68.06256 18.60841
0 1 0 30.59947 -35.5479 67.70652 18.62301
0 1 0 31.61104 -34.11382 67.50022 18.63656
0 1 0 33.86947 -31.00773 66.68163 18.6503
0 1 0 33.86947 -31.00773 66.68163 18.66433
0 1 0 35.04808 -29.38676 66.25443 18.67825
0 1 0 37.97148 -26.20111 65.73385 18.69201
0 1 0 39.36248 -24.68533 65.48615 18.70606
0 1 0 42.5618 -22.08127 65.56408 18.72018
0 1 0 43.98902 -20.91959 65.59884 18.73438
0 1 0 43.98902 -20.91959 65.59884 18.74793
0 1 0 47.46829 -18.1663 65.4217 18.76201
0 1 0 48.97126 -16.97695 65.34518 18.77579
0 1 0 53.3329 -14.30311 64.36465 18.78945
0 1 0 55.14478 -13.19236 63.95732 18.80367
0 1 0 58.65432 -11.05224 62.32771 18.81762
0 1 0 58.65432 -11.05224 62.32771 18.83146
0 1 0 60.08076 -10.1824 61.66535 18.84549
0 1 0 63.26263 -9.731503 61.39835 18.85941
0 1 0 64.56056 -9.547577 61.28944 18.87322
0 1 0 68.18895 -9.836734 60.62547 18.8873
0 1 0 69.70566 -9.957605 60.34792 18.90121
0 1 0 69.70566 -9.957605 60.34792 18.91529
0 1 0 74.28078 -10.68744 59.51477 18.92893
0 1 0 76.22159 -10.99704 59.16135 18.94295
0 1 0 81.76219 -13.77745 57.64531 18.95682
0 1 0 84.09123 -14.94622 57.00804 18.97062
0 1 0 87.74236 -16.63952 56.21807 18.98462
0 1 0 87.74236 -16.63952 56.21807 18.9985
0 1 0 89.22781 -17.32843 55.89668 19.01235
0 1 0 91.13884 -19.87163 55.87543 19.02679
0 1 0 91.9296 -20.92395 55.86664 19.04054
0 1 0 93.11989 -22.19856 55.67568 19.05425
0 1 0 93.63673 -22.75201 55.59276 19.06819
0 1 0 93.63673 -22.75201 55.59276 19.08218
0 1 0 -10.49251 -16.70008 -36.4086 19.09613
0 1 0 -37.55713 -15.1271 -60.321 19.10984
0 1 0 46.78926 -25.1135 -2.038842 19.12406
0 1 0 90.59068 -30.29948 28.22732 19.13811
0 1 0 90.59068 -30.29948 28.22732 19.1521
0 1 0 104.7247 -32.36909 35.76948 19.16583
0 1 0 108.0697 -32.8589 37.55442 19.18001
0 1 0 109.5584 -33.91378 37.22445 19.19357
0 1 0 109.9358 -34.18119 37.1408 19.20739
0 1 0 110.0202 -34.12754 36.44747 19.22159
0 1 0 110.0202 -34.12754 36.44747 19.23552
0 1 0 110.0446 -34.11209 36.24771 19.24923
0 1 0 110.1891 -33.92833 35.56191 10 1 0 2.643034 -55.38992 68.74471 2.631771
0 1 0 2.643034 -55.38992 68.74471 2.631771
0 1 0 2.643034 -55.38992 68.74471 2.660301
0 1 0 2.287429 -55.42342 68.88136 2.673956
0 1 0 2.162736 -55.4362 68.93269 2.687258
0 1 0 2.014266 -55.45048 68.97334 2.70114
0 1 0 1.914402 -55.46009 69.00069 2.715089
0 1 0 1.914402 -55.46009 69.00069 2.729491
0 1 0 1.887403 -55.33546 68.98238 2.747767
0 1 0 1.869056 -55.25077 68.96995 2.757829
0 1 0 2.00789 -54.979 68.91772 2.773021
0 1 0 2.104262 -54.79035 68.88148 2.786791
0 1 0 2.370484 -54.39733 68.85266 2.799554
0 1 0 2.370484 -54.39733 68.85266 2.812985
0 1 0 2.579566 -54.08867 68.83004 2.827052
0 1 0 3.072007 -53.53728 68.76952 2.840897
0 1 0 3.490869 -53.06828 68.71803 2.854453
0 1 0 4.472223 -51.87265 68.47504 2.867817
0 1 0 5.24213 -50.93464 68.2844 2.882078
0 1 0 5.24213 -50.93464 68.2844 2.895902
0 1 0 6.987321 -49.00806 67.93553 2.909414
0 1 0 8.114564 -47.76366 67.71019 2.923485
0 1 0 10.29506 -45.47413 67.19773 2.937579
0 1 0 11.50383 -44.20493 66.91365 2.95103
0 1 0 14.62657 -42.50379 67.61314 2.965271
0 1 0 14.62657 -42.50379 67.61314 2.979317
0 1 0 16.19805 -41.64772 67.96515 2.992719
0 1 0 19.97324 -39.98861 69.19273 3.007266
0 1 0 21.75284 -39.20653 69.77141 3.027503
0 1 0 25.28742 -36.68682 69.78063 3.035343
0 1 0 26.86946 -35.55902 69.78476 3.049648
0 1 0 26.86946 -35.55902 69.78476 3.064122
0 1 0 29.82141 -33.61915 69.24948 3.078773
0 1 0 31.02454 -32.82852 69.03133 3.091789
0 1 0 33.96348 -31.21883 68.44775 3.10504
0 1 0 35.22022 -30.53049 68.1982 3.118618
0 1 0 38.86382 -29.28931 67.71117 3.132321
0 1 0 38.86382 -29.28931 67.71117 3.146429
0 1 0 40.43321 -28.7547 67.50139 3.160294
0 1 0 43.99423 -27.75955 67.30361 3.174173
0 1 0 45.53129 -27.33001 67.21825 3.187612
0 1 0 49.27252 -26.86731 67.05619 3.201573
0 1 0 49.27252 -26.86731 67.05619 3.215481
0 1 0 50.84319 -26.67305 66.98817 3.229171
0 1 0 55.9625 -26.79307 67.87754 3.243215
0 1 0 58.10189 -26.84323 68.24921 3.257293
0 1 0 62.57419 -27.08783 66.81219 3.271142
0 1 0 64.37519 -27.18633 66.23348 3.285099
0 1 0 64.37519 -27.18633 66.23348 3.299285
0 1 0 66.30784 -27.7243 65.63396 3.31283
0 1 0 67.09825 -27.94432 65.38877 3.326799
0 1 0 69.27956 -28.69307 63.09907 3.340793
0 1 0 70.21641 -29.01464 62.11568 3.354811
0 1 0 71.58652 -29.73952 61.53607 3.368758
0 1 0 71.58652 -29.73952 61.53607 3.382734
0 1 0 72.19035 -30.05899 61.28062 3.396596
0 1 0 72.49083 -30.43907 61.08335 3.410342
0 1 0 72.63063 -30.6159 60.99158 3.42441
0 1 0 -9.860428 -24.96108 -44.43312 3.438475
0 1 0 -30.61447 -23.53838 -70.95708 3.452212
0 1 0 -30.61447 -23.53838 -70.95708 3.466401
0 1 0 -34.55287 -23.35813 -75.34046 3.480405
0 1 0 -35.27188 -23.32522 -76.14071 3.494252
0 1 0 -35.56342 -23.35308 -75.93312 3.507858
0 1 0 -35.62468 -23.35893 -75.8895 3.522121
0 1 0 -35.76316 -23.37646 -75.55531 3.535852
0 1 0 -35.76316 -23.37646 -75.55531 3.550194
0 1 0 -35.79685 -23.38073 -75.47401 3.563804
0 1 0 45.12619 -35.16053 4.075345 3.577847
0 1 0 86.77808 -41.22371 45.0202 3.591665
0 1 0 95.33534 -42.19186 52.3744 3.60581
0 1 0 96.91821 -42.37094 53.73473 3.619908
0 1 0 96.91821 -42.37094 53.73473 3.633516
0 1 0 97.81358 -42.44875 53.16339 3.647545
0 0 0 -16.37651 -33.02903 37.62919 5.669239
0 0 0 -16.37651 -33.02903 37.62919 5.669239
0 0 0 -16.37651 -33.02903 37.62919 5.684553
0 0 0 -16.23995 -33.0862 37.93868 5.698236
0 0 0 -16.15097 -33.12344 38.14035 5.711909
0 0 0 -16.00922 -33.18083 38.18145 5.725489
0 0 0 -15.90876 -33.2215 38.21059 5.739219
0 0 0 -15.90876 -33.2215 38.21059 5.752934
0 0 0 -15.84143 -33.20797 38.22915 5.766909
0 0 0 -15.79151 -33.19794 38.2429 5.781195
0 0 0 -15.72559 -33.19976 38.20898 5.794991
0 0 0 -15.67524 -33.20116 38.18306 5.808739
0 0 0 -15.62263 -33.26752 38.21841 5.823009
0 0 0 -15.62263 -33.26752 38.21841 5.837047
0 0 0 -15.93535 -32.59194 37.91074 6.185538
0 0 0 -15.93535 -32.59194 37.91074 6.185538
0 0 0 -15.99078 -32.59902 37.9151 6.200071
0 0 0 -16.03389 -32.60452 37.91848 6.2135
0 0 0 -16.04527 -32.65775 38.01353 6.220 1 0 9.570424 -51.66053 44.99577 3.948179
0 1 0 9.570424 -51.66053 44.99577 3.948179
0 1 0 9.570424 -51.66053 44.99577 3.965927
0 1 0 9.444686 -51.5724 45.3601 3.975365
0 1 0 9.369583 -51.51976 45.57771 3.9883
0 1 0 9.360673 -51.34219 45.68693 4.002417
0 1 0 9.355175 -51.23262 45.75433 4.016575
0 1 0 9.825964 -50.87656 45.77064 4.030575
0 1 0 9.825964 -50.87656 45.77064 4.044651
0 1 0 10.1263 -50.64942 45.78106 4.058547
0 1 0 10.85784 -49.98823 45.77275 4.072163
0 1 0 11.38238 -49.51415 45.76679 4.086242
0 1 0 12.92022 -48.55186 45.82246 4.100331
0 1 0 12.92022 -48.55186 45.82246 4.115307
0 1 0 14.11582 -47.80373 45.86573 4.128795
0 1 0 16.70882 -46.37474 46.07615 4.142151
0 1 0 18.38902 -45.4488 46.21249 4.156252
0 1 0 21.58121 -43.72427 46.12216 4.169856
0 1 0 23.32113 -42.78431 46.07293 4.183978
0 1 0 23.32113 -42.78431 46.07293 4.197967
0 1 0 26.79629 -40.89854 45.75709 4.212054
0 1 0 28.41171 -40.02193 45.61026 4.22584
0 1 0 32.46871 -38.28592 44.82941 4.239731
0 1 0 34.32757 -37.49049 44.47164 4.256214
0 1 0 39.11062 -36.46281 44.00335 4.267585
0 1 0 39.11062 -36.46281 44.00335 4.28115
0 1 0 41.18698 -36.01669 43.80006 4.295022
0 1 0 46.22847 -35.15363 43.18314 4.30898
0 1 0 48.31361 -34.79668 42.92799 4.323266
0 1 0 51.97516 -34.29584 41.2184 4.337156
0 1 0 53.46534 -34.09201 40.52264 4.351125
0 1 0 53.46534 -34.09201 40.52264 4.365235
0 1 0 57.73742 -33.78435 38.9603 4.378898
0 1 0 59.4683 -33.6597 38.3273 4.392618
0 1 0 63.31516 -33.28839 36.85217 4.406806
0 1 0 69.12878 -33.13182 33.99237 4.420665
0 1 0 71.37732 -33.07125 32.88628 4.434601
0 1 0 71.37732 -33.07125 32.88628 4.448331
0 1 0 75.35197 -33.48088 30.56913 4.462614
0 1 0 76.86301 -33.63661 29.68822 4.476374
0 1 0 80.17715 -34.48104 27.35602 4.490009
0 1 0 81.45699 -34.80713 26.45537 4.504077
0 1 0 84.35243 -35.39578 23.97559 4.518146
0 1 0 84.35243 -35.39578 23.97559 4.531869
0 1 0 85.47524 -35.62405 23.01396 4.545894
0 1 0 89.09304 -37.12857 20.53296 4.560227
0 1 0 90.48558 -37.70768 19.57798 4.573993
0 1 0 94.58468 -39.56896 17.50664 4.587785
0 1 0 96.18147 -40.29401 16.69976 4.601866
0 1 0 96.18147 -40.29401 16.69976 4.615607
0 1 0 98.68114 -41.78051 14.62884 4.629405
0 1 0 99.68251 -42.37598 13.79924 4.643508
0 1 0 101.5421 -43.61274 12.19655 4.657775
0 1 0 102.2918 -44.1114 11.55035 4.671493
0 1 0 103.3545 -45.1372 10.27857 4.685622
0 1 0 103.3545 -45.1372 10.27857 4.69939
0 1 0 103.8041 -45.5712 9.740503 4.713157
0 1 0 104.8264 -46.46643 9.069398 4.727232
0 1 0 105.2771 -46.86115 8.773503 4.741179
0 1 0 105.5393 -47.17295 8.215412 4.755703
0 1 0 105.6606 -47.31724 7.957166 4.769081
0 1 0 105.6606 -47.31724 7.957166 4.782887
0 1 0 105.9174 -47.7352 7.5464 4.797189
0 1 0 -89.02939 -47.60868 12.52535 7.107171
0 1 0 -89.02939 -47.60868 12.52535 7.107171
0 1 0 -89.28633 -47.68143 12.74479 7.121875
0 1 0 -89.42454 -47.72056 12.86281 7.135264
0 1 0 -89.35778 -47.69488 13.50545 7.149093
0 1 0 -89.35778 -47.69488 13.50545 7.163935
0 1 0 -89.31982 -47.68028 13.87094 7.179849
0 1 0 -89.04982 -47.40181 14.8519 7.190912
0 1 0 -88.88384 -47.23062 15.45493 7.204639
0 1 0 -88.36382 -46.84667 16.96406 7.218422
0 1 0 -87.98174 -46.56456 18.07292 7.23234
0 1 0 -87.98174 -46.56456 18.07292 7.246508
0 1 0 -87.09768 -45.88837 21.32408 7.260558
0 1 0 -86.47744 -45.41396 23.60504 7.274694
0 1 0 -85.0283 -44.36469 28.13306 7.288299
0 1 0 -84.24723 -43.79916 30.5736 7.302498
0 1 0 -82.45373 -43.03003 35.61652 7.316312
0 1 0 -82.45373 -43.03003 35.61652 7.330007
0 1 0 -81.61993 -42.67248 37.96092 7.344234
0 1 0 -79.4092 -41.90778 42.67208 7.358028
0 1 0 -78.65322 -41.64628 44.2831 7.371977
0 1 0 -76.19485 -41.11891 48.48389 7.386168
0 1 0 -76.19485 -41.11891 48.48389 7.399956
0 1 0 -75.16769 -40.89856 50.23906 7.413923
0 1 0 -72.68733 -40.27579 53.723 7.427963
0 1 0 -71.66994 -40.02034 55.15205 7.441884
0 1 0 -69.20158 -39.63991 58.57482 7.45591
0 1 0 -68.19464 -39.48471 59.97109 7.469589
0 1 0 -65.84158 -39.25142 63.13023 7.483711
0 1 0 -65.84158 -39.25142 63.13023 7.49769
0 1 0 -64.89085 -39.15717 64.40663 7.511299
0 1 0 -62.34966 -39.09502 67.62561 7.525404
0 1 0 -61.36838 -39.07103 68.86862 7.539568
0 1 0 -58.77859 -39.22776 71.62471 7.553208
0 1 0 -58.77859 -39.22776 71.62471 7.567386
0 1 0 -57.75873 -39.28948 72.71008 7.5814
0 1 0 -55.53701 -39.65342 74.77295 7.595318
0 1 0 -54.6073 -39.80571 75.63619 7.608995
0 1 0 -52.47587 -40.2259 77.44675 7.623086
0 1 0 -51.60719 -40.39714 78.18466 7.637003
0 1 0 -51.60719 -40.39714 78.18466 7.650748
0 1 0 -50.25838 -41.00634 79.53183 7.665223
0 1 0 -49.67125 -41.27153 80.11826 7.679241
0 1 0 -48.29458 -41.88716 81.53518 7.692605
0 1 0 -47.69604 -42.15482 82.15121 7.706751
0 1 0 -46.60731 -42.53568 83.04171 7.720553
0 1 0 -46.60731 -42.53568 83.04171 7.734704
0 1 0 -46.10656 -42.71086 83.45127 7.748247
0 1 0 -44.95123 -43.36537 84.05482 7.762437
0 1 1 -42.94655 -43.07331 85.17631 9.243109
0 1 1 -42.94655 -43.07331 85.17631 9.243109
0 1 1 -42.94655 -43.07331 85.17631 9.260961
0 1 1 -43.07877 -43.08076 85.18763 9.271307
0 1 1 -43.17263 -43.08604 85.19566 9.284304
0 1 1 -43.2209 -43.09638 85.23 9.298247
0 1 1 -43.25535 -43.10376 85.2545 9.312073
0 1 1 -43.27183 -43.10043 85.22682 9.326359
0 1 1 -43.27183 -43.10043 85.22682 9.340385
0 1 1 -43.28382 -43.098 85.20669 9.355011
0 1 1 -43.24049 -43.04419 85.18983 9.368657
0 1 1 -43.20861 -43.0046 85.17741 9.382476
0 1 1 -43.01188 -42.90564 85.14412 9.396406
0 1 1 -42.87367 -42.83612 85.12072 9.409969
0 1 1 -42.87367 -42.83612 85.12072 9.423915
0 1 1 -42.59129 -42.76216 85.07433 9.438094
0 1 1 -42.32173 -42.69157 85.03005 9.451723
0 1 1 -41.75526 -42.54893 84.80262 9.466097
0 1 1 -41.21875 -42.41385 84.58723 9.480081
0 1 1 -40.39925 -42.18473 84.10603 9.4939
0 1 1 -40.39925 -42.18473 84.10603 9.507628
0 1 1 -39.76218 -42.00661 83.73193 9.522109
0 1 1 -38.75906 -41.78919 83.08506 9.536799
0 1 1 -38.07183 -41.64024 82.64188 9.54952
0 1 1 -36.88601 -41.47744 81.79632 9.563429
0 1 1 -36.13399 -41.3742 81.26009 9.577815
0 1 1 -36.13399 -41.3742 81.26009 9.59156
0 1 1 -34.88199 -41.12109 80.10355 9.605289
0 1 1 -34.13852 -40.97079 79.41676 9.619214
0 1 1 -32.81924 -40.84101 78.25038 9.63305
0 1 1 -32.16365 -40.77651 77.67076 9.647251
0 1 1 -30.85608 -40.61565 76.76902 9.661215
0 1 1 -30.85608 -40.61565 76.76902 9.675014
0 1 1 -30.14336 -40.52796 76.2775 9.688905
0 1 1 -28.90094 -40.29593 75.18387 9.702997
0 1 1 -28.22336 -40.16938 74.58744 9.716854
0 1 1 -26.95011 -40.17239 73.4971 9.730812
0 1 1 -26.26939 -40.174 72.91418 9.74503
0 1 1 -26.26939 -40.174 72.91418 9.758769
0 1 1 -24.9549 -39.96383 72.04393 9.772582
0 1 1 -24.26053 -39.8528 71.58423 9.786746
0 1 1 -23.18957 -39.7764 70.52595 9.800712
0 1 1 -22.62677 -39.73625 69.96982 9.814565
0 1 1 -21.75416 -39.89303 69.58588 9.828533
0 1 1 -21.75416 -39.89303 69.58588 9.842464
0 1 1 -21.28876 -39.97665 69.38112 9.856349
0 1 1 -20.57975 -40.11957 69.16225 9.87034
0 1 1 -20.18928 -40.19828 69.04172 9.884427
0 1 1 -19.52163 -40.23894 68.65975 9.898364
0 1 1 -19.14605 -40.26182 68.44489 9.912104
0 1 1 -19.14605 -40.26182 68.44489 9.926098
0 1 1 -18.78175 -40.2817 68.36086 9.94034
0 1 1 -18.57333 -40.29309 68.31277 9.954358
0 1 1 -18.22169 -40.32863 68.24254 9.967749
0 0 0 -12.13365 -31.55277 22.23648 12.08646
0 0 0 -12.13365 -31.55277 22.23648 12.08646
0 0 0 -12.13365 -31.55277 22.23648 12.10075
0 0 0 -12.19815 -31.55201 22.23901 12.1147
0 0 0 -12.24679 -31.55144 22.24092 12.12833
0 0 0 -12.25769 -31.5733 22.2416 12.14273
0 0 0 -12.27846 -31.59367 22.24984 12.15687
0 0 0 -12.29497 -31.60986 22.25639 12.17171
0 0 0 -12.29497 -31.60986 22.25639 12.18586
0 0 0 -12.28395 -31.6058 22.22311 12.19915
0 0 0 -12.27518 -31.60257 22.19664 12.21255
0 0 0 -12.31938 -31.59172 22.18836 12.22675
0 1 0 70.29583 -44.00481 -23.31976 13.81642
0 1 0 70.29583 -44.00481 -23.31976 13.81642
0 1 0 70.39381 -44.12386 -22.9534 13.83048
0 1 0 70.39381 -44.12386 -22.9534 13.84436
0 1 0 70.44347 -44.1842 -22.76771 13.85896
0 1 0 70.60856 -44.22628 -22.97009 13.87275
0 1 0 70.69865 -44.24926 -23.08054 13.88669
0 1 0 71.08697 -44.14577 -23.79604 13.90015
0 1 0 71.30824 -44.08681 -24.20374 13.91382
0 1 0 71.30824 -44.08681 -24.20374 13.92749
0 1 0 71.6653 -43.82707 -25.29651 13.94168
0 1 0 71.87092 -43.67751 -25.92577 13.95574
0 1 0 72.18304 -43.23376 -27.41506 13.9693
0 1 0 72.50446 -42.77679 -28.94871 13.98373
0 1 0 72.97017 -41.81613 -32.56464 13.99788
0 1 0 72.97017 -41.81613 -32.56464 14.01136
0 1 0 73.29425 -41.14759 -35.081 14.02534
0 1 0 73.96786 -40.14094 -40.02173 14.03953
0 1 0 74.31139 -39.62759 -42.54137 14.05319
0 1 0 75.30542 -38.32775 -48.1029 14.06721
0 1 0 75.16953 -36.6762 -55.95376 14.08113
0 1 0 75.16953 -36.6762 -55.95376 14.09502
0 1 0 75.11343 -35.99441 -59.19477 14.10892
0 1 0 74.87338 -34.63952 -65.21797 14.12289
0 1 0 74.78547 -34.14332 -67.42384 14.13696
0 1 0 73.98198 -32.97174 -72.93312 14.15076
0 1 0 73.98198 -32.97174 -72.93312 14.16491
0 1 0 73.68963 -32.54544 -74.93771 14.17889
0 1 0 73.58138 -32.38762 -75.6799 14.19272
0 1 0 73.48418 -31.51954 -80.83537 14.20669
0 1 0 72.85748 -30.60913 -87.71245 14.22075
0 1 0 72.63361 -30.28391 -90.16911 14.23467
0 1 0 72.63361 -30.28391 -90.16911 14.24815
0 1 0 72.55173 -30.16493 -91.06779 14.26229
0 1 0 71.64149 -29.64252 -95.38463 14.27634
0 1 0 70.14273 -28.97428 -99.58738 14.29026
0 1 0 69.5841 -28.72521 -101.1539 14.30431
0 1 0 68.11892 -27.98169 -102.2988 14.31826
0 1 0 68.11892 -27.98169 -102.2988 14.33185
0 1 0 67.54927 -27.69262 -102.744 14.34612
0 1 0 66.67565 -27.05952 -103.7443 14.36002
0 1 0 66.32128 -26.80273 -104.1501 14.37398
0 1 0 65.7029 -26.22421 -104.6891 14.38784
0 1 0 65.43034 -25.96923 -104.9266 14.40199
0 1 0 65.43034 -25.96923 -104.9266 14.41599
0 1 0 65.09439 -25.56362 -105.0265 14.4296
0 1 0 64.93539 -25.37166 -105.0738 14.44358
0 1 0 64.86787 -24.73745 -105.1662 14.45759
0 1 1 75.78989 -33.83333 -68.83374 17.7101
0 1 1 75.78989 -33.83333 -68.83374 17.7101
0 1 1 76.11473 -33.82333 -68.70687 17.72469
0 1 1 76.33376 -33.81659 -68.62132 17.7393
0 1 1 76.701 -33.73004 -68.56607 17.75292
0 1 1 76.95223 -33.67083 -68.5283 17.76634
0 1 1 76.95223 -33.67083 -68.5283 17.7803
0 1 1 77.40248 -33.50834 -68.57537 17.79408
0 1 1 77.71158 -33.39678 -68.60769 17.80767
0 1 1 78.20541 -33.09818 -68.64263 17.82177
0 1 1 78.54599 -32.89225 -68.66671 17.83567
0 1 1 78.95869 -32.45012 -68.70808 17.84943
0 1 1 78.95869 -32.45012 -68.70808 17.86368
0 1 1 79.23793 -32.15098 -68.73609 17.87778
0 1 1 79.53318 -31.60556 -68.73384 17.89147
0 1 1 79.73122 -31.23971 -68.73232 17.90547
0 1 1 80.16923 -30.62908 -68.88014 17.91915
0 1 1 80.47112 -30.20821 -68.982 17.93296
0 1 1 80.47112 -30.20821 -68.982 17.94702
0 1 1 80.78487 -29.45519 -69.05818 17.96106
0 1 1 80.99699 -28.94609 -69.1097 17.97488
0 1 1 81.24627 -28.10026 -69.23366 17.98893
0 1 1 81.40729 -27.55398 -69.31372 18.00311
0 1 1 81.85938 -26.88779 -69.52647 18.01699
0 1 1 81.85938 -26.88779 -69.52647 18.03073
0 1 1 82.14728 -26.46357 -69.66196 18.0448
0 1 1 82.54142 -25.87467 -69.82672 18.05878
0 1 1 82.78617 -25.50901 -69.92902 18.07234
0 1 1 83.15133 -25.05653 -69.97089 18.08756
0 1 1 83.37704 -24.77685 -69.99677 18.10052
0 1 1 83.37704 -24.77685 -69.99677 18.11422
0 1 1 83.59682 -24.34538 -70.06347 18.1279
0 1 1 83.73908 -24.06616 -70.10664 18.14209
0 1 1 83.91335 -23.7384 -70.07716 18.15601
0 1 1 84.03061 -23.51784 -70.05735 18.16982
0 1 1 84.25487 -23.31339 -70.14692 18.18468
0 1 1 84.25487 -23.31339 -70.14692 18.19791
0 1 1 84.39822 -23.1827 -70.20417 18.21168
0 1 1 84.5937 -23.03532 -70.27836 18.22574
0 1 1 84.71821 -22.94144 -70.32565 18.2397
0 1 1 84.75129 -22.86827 -70.31902 18.25361
0 1 1 84.77336 -22.81948 -70.31461 18.2679
0 1 1 84.77336 -22.81948 -70.31461 18.28167
0 0 0 -22.4398 -43.39212 21.6399 21.07323
0 0 0 -22.4398 -43.39212 21.6399 21.07323
0 0 0 -22.44355 -43.36374 21.60204 21.08779
0 0 0 -22.44653 -43.34117 21.57193 21.10226
0 0 0 -22.4091 -43.34692 21.53464 21.11578
0 0 0 -22.4091 -43.34692 21.53464 21.12891
0 0 0 -22.37833 -43.35165 21.50398 21.1428
0 0 0 -22.31274 -43.38148 21.4421 21.1565